(Transform "BSplineTransform")
(NumberOfParameters 1008)
(TransformParameters -26.692750 -20.675820 -17.487488 -13.923435 -10.681804 -7.796355 0.829226 -26.905436 -19.633452 -15.711794 -11.496640 -7.963682 -4.727504 7.260719 -26.565698 -20.383515 -16.659489 -12.526915 -8.798972 -5.205976 8.741487 -26.651096 -22.800243 -18.042529 -11.891571 -5.597686 -0.113251 13.572500 -26.649728 -25.668736 -19.098790 -9.542804 0.963539 9.370195 20.315482 -23.689564 -22.761700 -15.881479 -5.412486 6.775503 16.499443 25.765675 -19.683194 -16.594155 -10.840542 -1.867354 9.556272 19.068386 28.549213 -7.292774 0.382307 4.520968 10.199034 17.304009 23.411271 30.848437 -27.121021 -13.111531 -4.120103 3.217066 2.545023 -0.128543 4.141037 -31.101695 -14.179958 3.373089 17.424411 12.825074 3.922855 10.563654 -36.736356 -27.663126 -9.284933 4.405750 4.710313 -1.084436 11.045916 -45.871982 -54.291964 -35.283026 -23.317870 -3.516203 7.073820 20.489669 -54.390335 -82.913888 -61.517810 -47.127484 -9.449999 26.156548 36.022423 -50.202316 -82.326382 -72.742336 -44.098548 -1.951870 35.722028 44.449589 -37.775585 -58.931581 -53.172970 -33.108285 2.593220 32.745221 44.260359 -10.892867 -8.574878 -6.222975 0.675617 15.550228 29.429605 39.842528 -25.253316 -5.892390 7.378348 17.347837 13.165509 5.707245 5.700467 -31.633492 -7.809543 19.770863 48.495496 33.589807 13.907705 12.614021 -41.525380 -28.853838 -3.552821 14.759209 26.510471 10.825109 13.199217 -56.397044 -82.838340 -67.051024 -49.260108 16.709256 22.285809 25.473788 -69.820698 -128.560280 -97.959713 -94.890088 -49.547119 42.145204 45.499805 -64.562048 -118.288126 -141.254917 -104.578872 -7.407285 51.692249 54.553863 -46.716490 -83.856910 -86.489819 -57.056434 1.596714 40.987439 51.514232 -11.866035 -13.288085 -12.778264 -6.103670 12.638328 30.622962 42.081137 -24.312296 -3.464786 10.945988 21.707465 16.867645 8.390674 7.199146 -31.026064 -4.059928 30.163224 76.263102 48.889661 23.450289 16.654626 -41.605683 -27.750420 3.530988 81.792442 63.651767 27.599653 18.894669 -56.712528 -70.798978 7.523717 37.586248 73.002084 45.779966 32.163812 -69.751521 -118.306066 -19.996269 -6.232052 -7.591653 64.275523 51.852743 -63.931445 -115.596272 -117.796494 -96.400921 -2.071475 66.224720 59.701305 -45.573854 -81.144086 -82.026532 -56.971088 1.283080 46.942510 55.290824 -10.682644 -11.218764 -10.645735 -3.965400 14.781606 32.756456 43.818367 -24.720354 -6.664067 5.477597 14.989234 12.456661 6.924601 7.945790 -29.701129 -3.194827 29.351100 59.900278 48.398352 30.029549 21.309835 -37.260366 -17.712894 22.084804 70.904818 58.049254 38.042328 26.384440 -47.060370 -42.998016 10.511574 44.792099 52.447044 52.018436 38.572879 -54.522333 -74.504566 -26.595321 11.457095 38.921510 65.165555 53.151738 -48.771238 -75.924519 -56.381225 -23.910574 25.323530 63.401768 58.220244 -34.918169 -51.874876 -42.766927 -20.436970 17.588707 49.405491 54.212800 -7.866360 -3.210452 -0.725263 6.146913 21.005744 34.846552 44.241737 -22.402586 -11.990307 -5.882561 -0.184289 1.811606 2.495391 7.835793 -22.738495 -5.919199 10.239860 25.100726 26.579342 23.138032 21.579040 -23.872276 -6.700330 14.831622 35.282707 37.817792 33.219051 27.133305 -24.363873 -9.819360 13.425314 37.292488 44.311093 42.919448 34.559409 -23.420685 -14.315218 4.975132 27.600482 41.225778 47.147155 40.647771 -19.150177 -12.172367 1.647455 19.748449 35.443872 45.413933 43.250619 -13.934328 -5.510450 3.772965 16.589768 30.120101 40.077234 42.789808 -1.968073 9.017391 13.710967 19.811087 27.196218 33.380573 39.074805 -18.288894 -12.026585 -8.907930 -4.329938 2.226635 8.268501 17.684100 -20.649177 -11.032089 -5.474885 1.430346 8.578944 14.390188 22.495824 -19.270805 -6.343905 1.539839 9.824043 14.963335 18.048523 23.226624 -17.204506 -1.035100 7.342805 14.892811 17.090892 17.421830 22.307767 -14.879919 2.873868 9.400819 14.027478 13.241959 11.755339 19.367022 -14.212048 1.721650 6.321510 9.082050 8.041179 7.056589 16.999145 -15.387064 -3.190542 0.300587 2.897184 3.845712 4.987416 16.077754 -13.086426 -7.049498 -4.700817 -2.016928 1.066902 4.169804 13.784197 -22.875253 -18.302020 -16.505065 -11.680664 -0.802790 9.835682 22.221638 -31.505033 -27.350265 -16.752564 -0.900822 17.210558 30.635079 34.269088 -33.244467 -24.971337 -3.872923 22.686690 39.443857 46.900065 39.347881 -28.611387 -10.277604 16.008241 53.035363 58.590451 48.582674 37.520326 -17.910881 13.578884 38.747743 78.543300 60.586052 31.480008 27.665736 -12.095075 22.946680 36.831215 54.626941 42.226625 15.842099 20.117519 -12.693216 16.290715 25.375724 29.756468 20.472844 8.586960 17.580997 -13.032193 -0.373101 3.358662 5.577964 4.781304 4.204411 14.700771 -23.437240 -20.204031 -19.124894 -14.406999 -2.041291 10.191029 23.058434 -37.396289 -40.299643 -30.576394 -9.312086 21.833277 39.749632 39.381072 -42.873497 -43.040851 -20.247967 34.238077 65.895049 62.855236 47.536713 -37.718471 -27.431232 16.435713 120.775867 123.528101 70.966827 45.836141 -21.545638 1.363214 -9.332068 122.705766 169.948245 58.107910 32.519406 -11.285241 28.754317 51.024462 112.603608 123.949444 32.460301 22.056849 -9.940412 27.757636 48.487779 55.376520 38.786030 14.580705 18.292347 -10.880480 6.255607 11.394618 13.611714 9.653122 5.770613 14.829680 -23.306894 -19.208612 -17.218947 -11.750633 0.380169 12.053483 24.007517 -39.277846 -44.194801 -34.547062 -9.547714 24.721091 42.588302 41.300231 -46.602695 -52.859610 -44.448862 27.242261 70.073578 64.610611 49.932524 -42.482794 -36.266378 -10.960388 28.349157 83.508785 71.359461 48.889520 -25.873305 -4.592304 -26.629909 -12.955970 122.844216 64.141814 36.068356 -14.241292 22.693268 46.181376 39.032867 64.725260 36.891672 25.361242 -11.320575 25.450025 48.078833 44.642920 29.319167 18.721350 20.878286 -10.635730 7.320539 13.304360 16.262512 12.209491 7.911039 15.962177 -22.556693 -15.613895 -11.295328 -4.400688 5.788719 14.844105 24.692436 -36.803602 -38.182159 -24.391616 -2.354242 21.623239 38.228024 39.383746 -43.703955 -50.102853 -33.099011 2.973525 37.900319 53.678697 45.783841 -41.963439 -41.836338 -25.183845 -2.050291 45.878345 57.569255 45.782136 -30.047482 -13.306116 8.997863 18.825305 50.165907 46.162171 37.309713 -20.407729 5.404164 25.555667 34.411525 36.394062 31.006280 29.084337 -16.611859 9.678748 24.407320 33.144206 28.218028 21.390957 24.546162 -12.418035 2.471673 8.537661 12.796856 11.713143 9.960309 17.669840 -17.563799 -8.880960 -3.461891 3.106860 9.399298 14.351935 21.546817 -24.559270 -18.793975 -9.993213 2.046097 14.249160 23.284234 29.197631 -27.417930 -25.571693 -15.308526 -0.441239 15.183181 26.528655 31.115265 -27.708590 -26.057920 -14.845469 1.006171 16.963737 28.129569 31.805119 -24.342960 -18.569342 -7.553806 6.549755 18.488787 26.322490 30.019361 -20.463942 -11.273098 -1.569232 9.680015 17.602047 22.429941 27.035542 -17.954673 -7.139420 1.056660 9.878217 15.310578 18.526009 24.419563 -11.874770 -3.393243 1.125735 5.774103 8.873829 11.161670 18.198770 -19.808400 -26.742479 -29.362179 -30.287342 -26.528390 -21.756181 -12.738790 -18.108682 -25.075030 -30.558584 -34.210678 -30.163423 -23.848895 -10.933677 -14.800297 -18.647240 -24.739358 -30.003410 -28.301514 -23.743907 -10.026049 -12.584159 -16.646988 -24.596800 -31.965004 -30.975348 -26.218772 -9.235569 -12.142957 -19.673417 -29.614188 -38.334209 -36.048571 -29.302785 -8.367345 -11.506571 -20.549297 -29.413385 -36.345221 -32.393710 -24.588987 -4.895933 -11.008759 -19.398712 -25.062770 -28.311140 -22.753216 -14.907363 -0.266654 -4.931400 -7.831942 -8.243482 -7.070730 -2.744133 1.665430 6.698625 -20.904172 -38.215196 -49.753874 -56.186213 -44.996666 -30.085636 -11.848177 -13.896576 -30.847719 -54.756482 -72.471990 -58.330773 -36.178558 -8.557125 -4.112006 -7.569549 -31.809793 -50.159384 -44.614804 -31.305467 -6.399920 2.433402 8.498124 -9.798431 -55.219769 -54.010488 -30.021548 -5.172927 2.773813 10.386214 4.117752 -27.762790 -38.874025 -30.162506 -4.809806 -0.390685 0.216991 -3.985254 4.524119 -15.756235 -24.160777 -1.054622 -5.213310 -13.514963 -23.187126 -30.896106 -26.902667 -15.910833 4.652725 -3.344151 -11.115641 -14.780853 -14.977736 -6.241041 3.427337 12.322591 -19.930517 -42.045154 -58.528459 -68.236628 -53.423404 -33.364397 -10.717479 -9.459818 -30.210642 -70.975297 -104.007246 -71.571970 -39.010780 -5.832548 4.129712 3.915009 -48.574330 -89.680580 -42.351996 -27.781372 -1.869874 13.950394 30.316200 20.001016 -33.304184 -46.938538 -16.256175 1.165816 15.393436 41.178438 54.086245 21.333602 -6.998191 -7.474097 2.494657 10.074599 26.351643 46.924549 95.098620 11.890478 -6.803287 5.400557 1.329251 0.717471 -3.186965 -14.555234 -22.576532 -7.116255 9.148217 -1.499367 -10.365716 -15.522387 -16.729049 -6.906168 4.297874 14.199753 -16.285514 -35.835115 -51.235629 -60.498009 -47.013912 -28.587875 -7.865707 -3.176302 -16.628305 -48.663363 -78.889652 -54.733120 -27.237429 -0.480479 11.422372 23.116647 28.099278 -32.635913 -35.167744 -11.742571 5.076388 22.369288 49.403862 62.862493 -14.494398 -18.739956 5.377349 10.174964 24.371533 63.418540 92.388527 41.220959 38.264970 21.322407 12.985559 18.411006 49.373584 86.879297 89.608348 13.657371 16.676882 14.995955 8.425194 17.193678 18.413593 12.494894 2.828942 9.828054 16.297821 2.370841 -3.795606 -8.181614 -9.168060 -0.431004 9.468466 17.354075 -11.638029 -22.029031 -30.571031 -35.763743 -28.264968 -17.873593 -4.745396 2.452994 4.950548 -4.923864 -15.023344 -13.658151 -4.854471 5.247423 15.017547 39.168402 61.530770 51.746873 14.381019 13.466820 11.815164 24.671298 66.239046 94.029746 68.442203 45.062342 33.007818 18.763208 26.578431 75.140545 106.784451 110.848368 88.711827 47.172157 23.266860 21.664598 59.311397 81.909437 95.790240 69.589447 43.423988 24.560968 13.415049 30.707971 36.212060 39.299691 34.671466 29.514522 23.472489 6.571978 6.082062 4.535180 4.939785 10.664261 16.730064 20.270072 -2.883944 -1.648149 -1.519559 -1.357878 -0.864960 -0.227975 1.877974 7.545195 20.269909 24.600461 26.617506 22.632353 17.626315 12.055136 13.523516 35.507155 44.134183 48.335119 40.089402 29.695267 17.013096 18.672947 47.964657 60.924228 68.049984 57.137847 42.430156 22.914573 20.355847 50.966461 66.105278 75.495474 65.104384 49.812539 27.160227 19.118950 44.262371 57.077068 65.570247 58.476341 47.194251 28.204338 16.418493 32.897632 40.540953 46.023504 43.366458 38.163246 26.894709 12.313031 18.033362 19.706024 21.498850 23.151464 24.190582 22.012366)
(InitialTransformParametersFileName "/mnt/C286054386053985/elastix49_out30/TransformParameters.0.FullRes.txt")
(HowToCombineTransforms "Compose")

// Image specific
(FixedImageDimension 3)
(MovingImageDimension 3)
(FixedInternalImagePixelType "float")
(MovingInternalImagePixelType "float")
(Size 2804 3661 2012)
(Index 0 0 0)
(Spacing 0.1 0.1 0.1)
(Origin 0.0000000000 0.0000000000 0.0000000000)
(Direction 1.0000000000 0.0000000000 0.0000000000 0.0000000000 1.0000000000 0.0000000000 0.0000000000 0.0000000000 1.0000000000)
(UseDirectionCosines "true")

// BSplineTransform specific
(GridSize 7 8 6)
(GridIndex 0 0 0)
(GridSpacing 131.9896319281 115.0131728966 146.4146640731)
(GridOrigin -185.6850499618 -209.2549236956 -260.7537194706)
(GridDirection 1.0000000000 0.0000000000 0.0000000000 0.0000000000 1.0000000000 0.0000000000 0.0000000000 0.0000000000 1.0000000000)
(BSplineTransformSplineOrder 3)
(UseCyclicTransform "false")

// ResampleInterpolator specific
(ResampleInterpolator "FinalBSplineInterpolator")
(FinalBSplineInterpolationOrder 0)

// Resampler specific
(Resampler "DefaultResampler")
(DefaultPixelValue 0.000000)
(ResultImageFormat "nii")
(ResultImagePixelType "float")
(CompressResultImage "false")
